402.953321 39.450547 336.913428 35.048500 7.733152 0.125000 144.002302 
187.103274 21.972919 124.301713 18.047495 8.576999 0.125000 200.449915 
123.153925 18.271673 59.414962 16.600677 5.587945 0.125000 116.837843 
254.396373 26.589629 204.116692 22.823964 11.904951 0.125000 141.308504 
496.482864 50.225924 402.989254 39.284993 9.667977 0.125000 249.747047 
278.162604 29.081020 260.315056 26.798101 10.870771 0.125000 25.724827 
171.874093 1.308006 199.377363 1.344511 3.784838 0.125000 17.234825 
329.597129 34.673319 281.577015 29.828546 9.425437 0.125000 92.443029 
203.595314 23.009086 187.923363 21.568340 10.287305 0.125000 49.711894 
144.360657 2.623431 170.660641 1.871354 6.783404 0.125000 45.467391 
119.365089 5.401488 137.052024 4.617210 11.792690 0.125000 54.719933 
595.884669 67.962958 497.252030 49.824769 14.186802 0.125000 389.525880 
780.981830 719.377146 768.679590 698.320669 11.168518 0.125000 78.699073 
706.023706 585.364997 634.807843 476.157882 10.424702 0.125000 378.210862 
735.983907 636.893552 705.490707 585.426360 11.071106 0.125000 194.085519 
585.266447 408.628218 536.142768 349.988405 8.317080 0.125000 188.946695 
765.956236 692.367051 740.541108 644.911589 11.646124 0.125000 180.771843 
442.573082 262.576281 398.990077 228.275812 6.648845 0.125000 98.092417 
535.533750 349.475652 482.506738 296.240849 7.918640 0.125000 176.211200 
610.766059 69.979397 595.756158 68.862455 10.436231 0.125000 42.462116 
481.906916 295.799941 442.848085 262.411217 7.877105 0.125000 82.984251 
634.756764 476.005391 585.424072 408.933976 9.869417 0.125000 228.901501 
100.335713 8.015207 120.410319 6.510638 14.272087 0.125000 53.499409 
397.918074 228.437127 358.041572 202.000843 5.255641 0.125000 67.670029 
414.994655 652.213413 426.975222 718.781864 11.907830 0.125000 211.085413 
357.024490 202.891582 333.688806 187.946438 4.293328 0.125000 25.831213 
739.940668 645.914132 736.166267 636.980699 8.238590 0.125000 21.806092 
399.532786 580.177687 408.875091 621.986706 11.653968 0.125000 115.414664 
395.551698 561.722305 397.229708 574.653385 9.916853 0.125000 13.062378 
367.494787 472.883434 373.559220 488.442956 8.033352 0.125000 24.131546 
410.636280 633.583664 414.671033 646.387825 9.407341 0.125000 28.428510 
634.063455 73.665387 610.958001 69.644809 13.975025 0.125000 80.365775 
382.432832 517.724424 389.266602 543.405983 10.550250 0.125000 59.038903 
85.407925 9.831368 99.660988 8.317401 9.625281 0.125000 12.891661 
206.057205 130.780262 180.158910 120.555568 3.457786 0.125000 10.020526 
221.872205 135.632020 208.934585 130.481220 3.021673 0.125000 0.587629 
350.686944 428.100793 367.929705 472.224359 9.006108 0.125000 100.763745 
653.565122 77.059393 634.033142 73.346999 12.574546 0.125000 48.369486 
301.284482 334.218709 325.820657 375.508733 7.927187 0.125000 70.320207 
276.709387 299.470310 281.195751 307.265908 4.790490 0.062500 0.374447 
215.939295 236.739941 232.860133 250.940603 3.368181 0.125000 14.923544 
336.881318 399.294566 347.138809 421.165006 8.663173 0.125000 35.266359 
295.924310 167.540628 271.047969 154.799196 3.419046 0.125000 14.418760 
237.404010 257.547002 258.305888 276.677361 4.766777 0.125000 26.591506 
258.107788 278.011549 265.864592 286.660112 4.268977 0.125000 3.205717 
329.970728 384.651524 337.003835 401.292243 7.929351 0.125000 22.866827 
317.397638 178.355035 302.329647 170.949884 4.468194 0.125000 3.444967 
281.629206 306.854906 301.149409 333.997865 7.743033 0.125000 41.462751 
374.707834 491.794909 377.756360 504.463707 8.799609 0.125000 15.899748 
194.375585 219.374330 205.710393 229.277260 2.824017 0.125000 3.760582 
325.896881 375.565970 329.959399 384.168383 6.059825 0.125000 2.226576 
378.570011 504.939967 382.435944 519.001751 9.973601 0.125000 29.613183 
943.012837 159.210535 959.345230 159.994891 8.560042 0.125000 19.230007 
179.504985 120.049787 160.590959 115.775638 2.206195 0.125000 1.409034 
347.945393 27.768107 376.806957 30.186900 4.356178 0.125000 17.012031 
389.028879 542.418201 392.460127 552.500460 11.430762 0.125000 10.904129 
59.396016 16.404330 39.380109 15.510581 2.553271 0.125000 0.411785 
997.011752 173.917466 1016.281923 179.677122 7.530556 0.125000 27.977834 
256.064913 148.126630 238.538843 141.950611 3.188779 0.125000 1.702740 
703.369341 84.974379 653.391845 78.549334 7.828148 0.125000 100.648942 
1031.791796 185.987460 1053.710669 191.019013 7.769571 0.125000 32.340356 
1243.174213 68.840989 1223.114188 66.992319 3.063001 0.062500 0.770290 
900.799418 146.165220 933.186702 154.123909 7.324737 0.125000 54.158069 
1168.145697 67.863855 1154.383076 66.773104 1.838644 0.062500 5.001841 
973.329846 166.318556 992.273544 173.292396 7.715005 0.125000 26.456020 
1015.918847 181.208971 1031.982727 183.672570 8.360765 0.125000 27.596418 
692.017924 93.560932 708.207807 96.403346 3.759257 0.125000 3.256632 
158.142541 114.291452 139.430049 110.362795 2.507510 0.125000 3.060539 
959.508870 163.344205 969.502649 164.642104 3.394923 0.125000 2.209449 
709.176740 96.731488 749.668534 103.986790 9.438023 0.125000 87.235322 
1090.627099 9.082584 1064.378453 8.894126 2.679424 0.125000 9.102980 
1102.779728 204.247263 1126.232694 211.462733 5.330022 0.125000 21.806340 
842.568055 128.557316 864.302179 135.842255 10.282653 0.125000 52.118281 
864.072325 135.154388 901.765106 143.614610 9.358848 0.125000 79.048347 
713.119802 32.515009 678.122111 32.230786 2.530371 0.125000 11.824170 
674.162519 68.660380 651.655405 71.094603 4.669115 0.125000 9.718531 
994.379548 4.543064 959.371356 5.490344 3.207650 0.125000 22.925623 
1133.365735 212.474429 1148.186549 217.958669 4.079821 0.125000 3.513182 
711.214454 82.515060 701.035025 85.689726 3.327100 0.125000 1.203950 
1084.440373 201.028776 1103.079137 202.468678 6.327712 0.125000 20.838436 
110.625000 95.625000 83.125000 95.625000 1.250000 0.125000 5.302871 
806.774731 124.381149 821.978229 123.155569 4.541385 0.125000 3.297438 
1179.442217 87.379437 1196.912909 88.954517 1.693908 0.062500 2.024223 
826.676317 125.294370 843.131736 126.801446 4.751152 0.125000 7.391669 
1234.337552 207.102566 1212.030231 203.431688 3.684639 0.125000 6.899966 
795.567321 118.801859 803.013252 119.436366 3.106944 0.062500 0.239493 
745.625794 29.642055 715.626060 29.731283 2.544603 0.125000 5.098893 
1126.469434 211.911155 1132.512692 213.816788 3.645376 0.062500 0.239493 
1146.880015 68.014695 1133.101665 67.388252 1.646125 0.062500 5.001841 
1128.151727 12.347372 1114.375105 13.126861 1.671680 0.062500 3.797721 
650.717065 20.996220 636.887648 24.425997 2.737060 0.125000 0.356077 
891.875000 25.625000 869.375000 25.625000 1.250000 0.125000 1.690511 
753.125000 24.375000 721.875000 24.375000 1.250000 0.125000 8.012141 
985.625000 0.625000 925.625000 0.625000 1.250000 0.125000 28.783211 
