1235.604844 105.417291 1260.611960 102.990622 5.784909 0.125000 30.775801 
83.166847 12.694088 50.593677 11.883164 6.963587 0.125000 28.300846 
153.219640 16.472122 108.009997 13.883520 9.126186 0.125000 113.007266 
210.486252 1.413738 233.590627 5.478064 6.223773 0.125000 34.125275 
239.238275 6.867412 247.056275 7.727768 3.712495 0.125000 2.593601 
253.669716 10.393254 211.743749 30.349253 5.485629 0.125000 49.877344 
49.565050 12.660223 0.613425 10.957822 8.006144 0.125000 77.938893 
23.097890 7.393544 75.623870 8.198728 5.478396 0.125000 60.129217 
106.899222 13.327897 84.353455 12.806352 5.287744 0.125000 38.642963 
169.363226 1.247948 200.625675 0.660956 1.836435 0.125000 13.429027 
1259.725969 102.853047 1278.406253 99.910467 4.414606 0.125000 19.969949 
0.452551 5.969962 21.926727 7.271632 5.671516 0.125000 23.206705 
1208.151477 107.362749 1235.570680 105.874336 4.992649 0.125000 18.634046 
1264.538038 132.864963 1255.109524 126.953473 4.353235 0.125000 0.971509 
184.428542 19.760710 154.157531 17.885455 15.976043 0.125000 95.326755 
1156.904749 84.304034 1146.616663 79.991260 2.757801 0.125000 1.690511 
1226.044602 115.502005 1208.292539 110.076789 4.881106 0.125000 10.740373 
728.421320 172.193544 706.631120 106.956460 6.350761 0.125000 100.790998 
1011.969643 21.509391 1024.594393 24.777476 6.050562 0.125000 4.929385 
203.331688 21.200594 195.386325 20.347236 5.238381 0.125000 5.474084 
1255.956238 126.965322 1239.230353 121.032812 6.157343 0.125000 20.809180 
954.518866 0.043669 973.352771 4.704628 3.339898 0.125000 7.456596 
706.207762 106.664715 693.848260 72.412963 6.170076 0.125000 44.929948 
690.207083 62.895553 686.186461 48.314864 3.490960 0.125000 15.236861 
218.246359 23.706697 207.906357 21.829031 8.609204 0.125000 5.435873 
685.765093 48.076777 669.292671 0.223059 3.720951 0.125000 73.141936 
1240.276787 118.620085 1229.463599 117.362929 8.547103 0.125000 4.319708 
586.483790 168.078222 581.774567 333.300277 11.604588 0.125000 486.412023 
599.189104 0.390324 593.788017 33.437654 5.160071 0.125000 44.647684 
1186.580973 97.700936 1169.469551 91.609400 6.387299 0.125000 10.658246 
26.931530 122.020636 43.826747 115.462564 9.514008 0.125000 23.888632 
48.392835 112.448206 58.518409 107.716954 6.794834 0.125000 5.098893 
594.749362 53.150436 592.201679 90.647196 4.927661 0.125000 58.247345 
764.126206 274.093740 728.220121 172.210418 10.407809 0.125000 313.025202 
694.322749 73.485903 692.392473 66.520855 4.236062 0.062500 0.890404 
594.257806 91.028679 585.796739 167.171885 7.868377 0.125000 155.862418 
579.816875 334.215984 565.431921 633.476232 14.777980 0.125000 1376.064792 
564.881844 633.389369 560.793358 718.553147 18.139210 0.125000 563.318214 
595.214269 34.341523 593.696129 52.967787 5.823163 0.125000 13.833783 
1230.949695 98.150426 1218.015096 101.443288 8.171149 0.125000 11.195215 
92.812766 91.253388 136.777738 69.169935 9.522769 0.125000 101.833924 
1171.352155 90.844128 1156.534093 85.570563 5.967907 0.125000 12.295092 
1025.874196 28.650666 1048.300124 36.365972 7.092028 0.125000 16.295608 
978.879856 6.648578 993.975477 13.950908 7.840206 0.125000 11.184651 
70.256262 102.415292 86.159014 94.152815 7.318423 0.125000 9.764739 
1202.094206 103.545908 1191.820875 100.829716 3.084021 0.125000 3.496691 
1218.003888 102.038453 1206.616705 103.307720 7.038419 0.125000 3.756115 
58.656637 107.297753 70.423503 103.557986 8.551276 0.125000 14.100490 
1278.792765 94.532415 1231.713553 100.628080 9.186399 0.125000 75.292069 
226.938755 21.343624 217.016849 22.223874 5.090902 0.125000 6.333249 
911.998340 720.930891 849.047035 527.388246 18.784603 0.125000 1227.053104 
1062.348867 3.705995 1038.152300 23.441059 4.025907 0.125000 20.006392 
833.811952 471.725551 763.041244 274.756845 14.187489 0.125000 819.799818 
993.006232 13.403862 1011.874973 21.440126 6.261479 0.125000 34.515358 
3.653438 134.229801 19.568412 125.998978 9.494777 0.125000 29.077397 
19.974035 125.870867 27.083352 123.023871 6.962470 0.125000 8.032872 
1278.730381 131.860637 1261.085894 123.412404 12.210542 0.125000 19.728027 
851.837325 526.379895 835.485227 471.410267 18.593749 0.125000 277.016894 
1176.823911 56.284152 1186.956807 57.069518 6.424499 0.125000 1.042362 
1062.482006 42.939374 1076.065759 51.145393 6.664273 0.125000 5.990724 
1064.330925 25.619711 1066.158659 10.389032 4.517575 0.062500 1.125456 
1244.338906 128.855763 1252.620749 134.538090 5.981074 0.125000 9.738660 
1252.218991 132.394048 1264.681450 138.776635 6.131535 0.125000 1.144401 
137.489057 69.406929 172.728080 51.008971 9.345173 0.125000 91.605283 
564.780196 514.073695 565.961615 520.563724 3.913237 0.125000 0.787421 
1144.279459 67.278233 1152.502509 69.226575 4.206623 0.125000 0.356077 
1031.667835 20.573909 1045.777858 8.300735 5.452360 0.125000 25.182840 
1109.372064 60.769472 1125.640748 61.100083 1.554508 0.031250 5.603901 
274.366590 2.949568 289.391984 2.229294 3.925257 0.125000 0.742115 
1045.154242 7.886138 1054.629842 0.583690 5.486438 0.125000 14.025925 
1246.885853 112.515087 1236.888727 112.684591 5.020472 0.125000 3.060539 
1263.065975 120.202839 1253.321144 114.063658 6.895639 0.125000 6.140773 
1080.494676 34.221675 1089.166711 26.850562 3.904888 0.125000 1.280342 
1218.510421 12.898928 1233.469674 16.804982 7.518739 0.125000 26.341602 
1098.072532 31.406809 1109.321344 30.146206 3.041289 0.125000 3.093356 
1188.037759 56.987270 1201.970770 57.879548 2.943463 0.125000 7.109051 
211.907979 29.122664 198.228278 27.334786 1.725435 0.062500 2.593601 
1156.683660 66.306076 1179.251802 64.899007 6.549022 0.125000 21.754512 
114.193246 26.091520 98.222760 29.796408 4.500427 0.125000 5.586605 
1152.896185 50.300014 1170.567998 47.732644 4.229199 0.125000 5.586605 
1071.706215 22.384756 1095.602375 20.358215 3.630959 0.125000 9.966774 
1222.268787 26.071902 1229.303322 29.521182 4.489357 0.125000 1.203950 
1273.480864 20.664031 1274.850433 8.177146 4.136496 0.062500 1.589149 
133.077064 20.245237 121.848192 21.662618 3.094314 0.125000 3.093356 
323.115495 1.332863 364.374840 1.886881 1.753381 0.125000 18.715842 
